street -32 0.1 15.5 -32 0.1 13.5 32 0.1 13.5 32 0.1 15.5 -32 0.4 15.5 -32 0.4 13.5 32 0.4 13.5 32 0.4 15.5
street -31.8 0.1 -10 -31.8 0.1 -12 31.8 0.1 -12 31.8 0.1 -10 -31.8 0.4 -10 -31.8 0.4 -12 31.8 0.4 -12 31.8 0.4 -10
street -17.5 0.1 32.6 -17.5 0.1 -30.6 -15.5 0.1 -30.6 -15.5 0.1 32.6 -17.5 0.4 32.6 -17.5 0.4 -30.6 -15.5 0.4 -30.6 -15.5 0.4 32.6
street 9.5 0.1 32 9.5 0.1 -30 11.5 0.1 -30 11.5 0.1 32 9.5 0.4 32 9.5 0.4 -30 11.5 0.4 -30 11.5 0.4 32
street -16 0.1 3.5 -16 0.1 1.5 9.99999 0.1 1.5 9.99999 0.1 3.5 -16 0.4 3.5 -16 0.4 1.5 9.99999 0.4 1.5 9.99999 0.4 3.5
street 20 0.1 13.8 20 0.1 -11.8 22 0.1 -11.8 22 0.1 13.8 20 0.4 13.8 20 0.4 -11.8 22 0.4 -11.8 22 0.4 13.8
street -4 0.1 32.5 -4 0.1 14.5 -2 0.1 14.5 -2 0.1 32.5 -4 0.4 32.5 -4 0.4 14.5 -2 0.4 14.5 -2 0.4 32.5
street 10 0.1 26 10 0.1 24 32 0.1 24 32 0.1 26 10 0.4 26 10 0.4 24 32 0.4 24 32 0.4 26
building -30.9 0 -16.6 -30.9 0 -29.4 -20.1 0 -29.4 -20.1 0 -16.6 -30.9 1 -16.6 -30.9 1 -29.4 -20.1 1 -29.4 -20.1 1 -16.6 -30.9 2 -16.6 -30.9 2 -29.4 -20.1 2 -29.4 -20.1 2 -16.6 -30.9 3 -16.6 -30.9 3 -29.4 -20.1 3 -29.4 -20.1 3 -16.6 -30.9 4 -16.6 -30.9 4 -29.4 -20.1 4 -29.4 -20.1 4 -16.6 -30.9 5 -16.6 -30.9 5 -29.4 -20.1 5 -29.4 -20.1 5 -16.6 -30.9 6 -16.6 -30.9 6 -29.4 -20.1 6 -29.4 -20.1 6 -16.6 -30.9 7 -16.6 -30.9 7 -29.4 -20.1 7 -29.4 -20.1 7 -16.6 -30.9 8 -16.6 -30.9 8 -29.4 -20.1 8 -29.4 -20.1 8 -16.6 -30.9 9 -16.6 -30.9 9 -29.4 -20.1 9 -29.4 -20.1 9 -16.6 -30.9 10 -16.6 -30.9 10 -29.4 -20.1 10 -29.4 -20.1 10 -16.6 -30.9 11 -16.6 -30.9 11 -29.4 -20.1 11 -29.4 -20.1 11 -16.6 -30.9 12 -16.6 -30.9 12 -29.4 -20.1 12 -29.4 -20.1 12 -16.6 -30.9 13 -16.6 -30.9 13 -29.4 -20.1 13 -29.4 -20.1 13 -16.6 -30.9 14 -16.6 -30.9 14 -29.4 -20.1 14 -29.4 -20.1 14 -16.6 -30.9 15 -16.6 -30.9 15 -29.4 -20.1 15 -29.4 -20.1 15 -16.6 -30.9 16 -16.6 -30.9 16 -29.4 -20.1 16 -29.4 -20.1 16 -16.6 -30.9 17 -16.6 -30.9 17 -29.4 -20.1 17 -29.4 -20.1 17 -16.6 -30.9 18 -16.6 -30.9 18 -29.4 -20.1 18 -29.4 -20.1 18 -16.6 -30.9 19 -16.6 -30.9 19 -29.4 -20.1 19 -29.4 -20.1 19 -16.6 -30.9 20 -16.6 -30.9 20 -29.4 -20.1 20 -29.4 -20.1 20 -16.6
building -14.1 0 -19 -14.1 0 -27 -6.9 0 -27 -6.9 0 -19 -14.1 1 -19 -14.1 1 -27 -6.9 1 -27 -6.9 1 -19 -14.1 2 -19 -14.1 2 -27 -6.9 2 -27 -6.9 2 -19 -14.1 3 -19 -14.1 3 -27 -6.9 3 -27 -6.9 3 -19 -14.1 4 -19 -14.1 4 -27 -6.9 4 -27 -6.9 4 -19 -14.1 5 -19 -14.1 5 -27 -6.9 5 -27 -6.9 5 -19 -14.1 6 -19 -14.1 6 -27 -6.9 6 -27 -6.9 6 -19 -14.1 7 -19 -14.1 7 -27 -6.9 7 -27 -6.9 7 -19 -14.1 8 -19 -14.1 8 -27 -6.9 8 -27 -6.9 8 -19 -14.1 9 -19 -14.1 9 -27 -6.9 9 -27 -6.9 9 -19
building -4.7 0 -28.7 -4.7 0 -20.3 1.7 0 -20.3 1.7 0 -28.7 -4.7 1 -28.7 -4.7 1 -20.3 1.7 1 -20.3 1.7 1 -28.7 -4.16417 2 -29.2358 -4.16417 2 -19.7642 1.16417 2 -19.7642 1.16417 2 -29.2358 -3.79517 3 -29.6048 -3.79517 3 -19.3952 0.795173 3 -19.3952 0.795173 3 -29.6048 -3.70789 4 -29.6921 -3.70789 4 -19.3079 0.707886 4 -19.3079 0.707886 4 -29.6921 -3.92949 5 -29.4705 -3.92949 5 -19.5295 0.929487 5 -19.5295 0.929487 5 -29.4705 -4.39098 6 -29.009 -4.39098 6 -19.991 1.39098 6 -19.991 1.39098 6 -29.009 -4.94869 7 -28.4513 -4.94869 7 -20.5487 1.94869 7 -20.5487 1.94869 7 -28.4513 -5.42897 8 -27.971 -5.42897 8 -21.029 2.42897 8 -21.029 2.42897 8 -27.971 -5.68229 9 -27.7177 -5.68229 9 -21.2823 2.68229 9 -21.2823 2.68229 9 -27.7177 -5.62978 10 -27.7702 -5.62978 10 -21.2298 2.62978 10 -21.2298 2.62978 10 -27.7702 -5.28779 11 -28.1122 -5.28779 11 -20.8878 2.28779 11 -20.8878 2.28779 11 -28.1122 -4.76279 12 -28.6372 -4.76279 12 -20.3628 1.76279 12 -20.3628 1.76279 12 -28.6372 -4.21825 13 -29.1818 -4.21825 13 -19.8182 1.21825 13 -19.8182 1.21825 13 -29.1818
building 4 0 -15.9 4 0 -27.1 8 0 -27.1 8 0 -15.9 4 1 -15.9 4 1 -27.1 8 1 -27.1 8 1 -15.9 4 2 -15.9 4 2 -27.1 8 2 -27.1 8 2 -15.9
building -30 0 1.3 -30 0 -8.3 -24 0 -8.3 -24 0 1.3 -29.8783 1 1.06631 -29.3403 1 -8.0668 -24.1055 1 -8.25005 -24.2102 1 1.18687 -29.9988 2 0.758734 -29.3759 2 -7.77031 -24.071 2 -8.28218 -24.0692 2 1.11967
building -22.8 0 -2.4 -22.8 0 4.4 -19.2 0 4.4 -19.2 0 -2.4 -22.5626 1 -2.40866 -22.4969 1 4.5887 -19.5844 1 4.53828 -19.2332 1 -2.5273 -22.6566 2 -2.436 -22.6399 2 4.45013 -20.117 2 4.40551 -19.7378 2 -3.00841
building -31 0 10.7 -31 0 6.3 -23 0 6.3 -23 0 10.7 -31 1 10.7 -31 1 6.3 -23 1 6.3 -23 1 10.7 -31 2 10.7 -31 2 6.3 -23 2 6.3 -23 2 10.7 -31 3 10.7 -31 3 6.3 -23 3 6.3 -23 3 10.7 -31 4 10.7 -31 4 6.3 -23 4 6.3 -23 4 10.7
building -29.8 0 29.1 -29.8 0 23.9 -24.2 0 23.9 -24.2 0 29.1 -29.8 1 29.1 -29.8 1 23.9 -24.2 1 23.9 -24.2 1 29.1 -29.2642 2 28.5642 -29.2642 2 24.4358 -24.7358 2 24.4358 -24.7358 2 28.5642 -28.8952 3 28.1952 -28.8952 3 24.8048 -25.1048 3 24.8048 -25.1048 3 28.1952 -28.8079 4 28.1079 -28.8079 4 24.8921 -25.1921 4 24.8921 -25.1921 4 28.1079 -29.0295 5 28.3295 -29.0295 5 24.6705 -24.9705 5 24.6705 -24.9705 5 28.3295 -29.491 6 28.791 -29.491 6 24.209 -24.509 6 24.209 -24.509 6 28.791 -30.0487 7 29.3487 -30.0487 7 23.6513 -23.9513 7 23.6513 -23.9513 7 29.3487 -30.529 8 29.829 -30.529 8 23.171 -23.471 8 23.171 -23.471 8 29.829
building -23 0 27.3 -23 0 19.7 -19 0 19.7 -19 0 27.3 -23 1 27.3 -23 1 19.7 -19 1 19.7 -19 1 27.3 -23 2 27.3 -23 2 19.7 -19 2 19.7 -19 2 27.3 -23 3 27.3 -23 3 19.7 -19 3 19.7 -19 3 27.3 -23 4 27.3 -23 4 19.7 -19 4 19.7 -19 4 27.3 -23 5 27.3 -23 5 19.7 -19 5 19.7 -19 5 27.3
building 13.9 0 -19.3 13.9 0 -29.7 19.1 0 -29.7 19.1 0 -19.3 14.0332 1 -19.5962 13.9179 1 -29.6881 18.6646 1 -28.8895 18.9771 1 -19.4463 14.3671 2 -19.4948 14.1759 2 -29.4565 19.0524 2 -29.4901 19.0915 2 -19.322 14.1654 3 -19.3078 14.0154 3 -29.3942 18.3389 3 -28.8714 18.4964 3 -19.3332 14.3836 4 -19.4859 14.1513 4 -29.4541 18.1832 4 -29.6338 19.0853 4 -19.4321 13.9843 5 -19.4531 14.5758 5 -29.5109 18.9244 5 -29.6317 18.902 5 -19.8536 14.0213 6 -19.6041 13.9445 6 -29.6962 18.9378 6 -29.5403 18.7352 6 -19.5228 14.0842 7 -19.449 14.0348 7 -29.4255 19.0991 7 -29.0551 19.0667 7 -19.6781 13.9175 8 -19.7512 13.9828 8 -29.4249 19.0773 8 -29.6363 19.0727 8 -19.3113 14.6251 9 -19.6559 14.0612 9 -28.9292 18.916 9 -29.4655 19.0206 9 -19.3915
building 21.7 0 -17.6 21.7 0 -28.4 29.3 0 -28.4 29.3 0 -17.6 21.7 1 -17.6 21.7 1 -28.4 29.3 1 -28.4 29.3 1 -17.6 22.2358 2 -18.1358 22.2358 2 -27.8642 28.7642 2 -27.8642 28.7642 2 -18.1358 22.6048 3 -18.5048 22.6048 3 -27.4952 28.3952 3 -27.4952 28.3952 3 -18.5048 22.6921 4 -18.5921 22.6921 4 -27.4079 28.3079 4 -27.4079 28.3079 4 -18.5921 22.4705 5 -18.3705 22.4705 5 -27.6295 28.5295 5 -27.6295 28.5295 5 -18.3705 22.009 6 -17.909 22.009 6 -28.091 28.991 6 -28.091 28.991 6 -17.909 21.4513 7 -17.3513 21.4513 7 -28.6487 29.5487 7 -28.6487 29.5487 7 -17.3513 20.971 8 -16.871 20.971 8 -29.129 30.029 8 -29.129 30.029 8 -16.871 20.7177 9 -16.6177 20.7177 9 -29.3823 30.2823 9 -29.3823 30.2823 9 -16.6177 20.7702 10 -16.6702 20.7702 10 -29.3298 30.2298 10 -29.3298 30.2298 10 -16.6702 21.1122 11 -17.0122 21.1122 11 -28.9878 29.8878 11 -28.9878 29.8878 11 -17.0122 21.6372 12 -17.5372 21.6372 12 -28.4628 29.3628 12 -28.4628 29.3628 12 -17.5372 22.1818 13 -18.0818 22.1818 13 -27.9182 28.8182 13 -27.9182 28.8182 13 -18.0818
building 30 0 -5.5 30 0 -7.5 24 0 -7.5 24 0 -5.5 30 1 -5.5 30 1 -7.5 24 1 -7.5 24 1 -5.5 30.5358 2 -6.03583 30.5358 2 -6.96417 23.4642 2 -6.96417 23.4642 2 -6.03583
building 29 0 6 29 0 -4 31 0 -4 31 0 6 29 1 6 29 1 -4 31 1 -4 31 1 6 29.5358 2 5.46417 29.5358 2 -3.46417 30.4642 2 -3.46417 30.4642 2 5.46417
building 23 0 11 23 0 9 31 0 9 31 0 11 23.4335 1 10.9766 23.1476 1 9.12112 30.9147 1 9.00611 30.692 1 10.9931 23.4834 2 10.9305 23.0328 2 9.06918 30.7618 2 9.1351 30.9481 2 10.9971
building 18 0 -5.5 18 0 -7.5 12 0 -7.5 12 0 -5.5 18.0093 1 -5.74764 18.2334 1 -7.32309 11.8083 1 -7.15895 11.262 1 -5.60515 18.5395 2 -5.69989 18.2187 2 -7.33422 11.8627 2 -7.14297 11.9875 2 -5.54498
building 12.5 0 8.5 12.5 0 -3.5 14.5 0 -3.5 14.5 0 8.5 12.5 1 8.5 12.5 1 -3.5 14.5 1 -3.5 14.5 1 8.5 12.5 2 8.5 12.5 2 -3.5 14.5 2 -3.5 14.5 2 8.5
building 12.5 0 12.5 12.5 0 10.5 14.5 0 10.5 14.5 0 12.5 13.4195 1 12.0423 12.8068 1 11.311 14.3383 1 10.8871 14.3736 1 12.4257 12.6064 2 12.4279 13.0224 2 10.5747 14.3561 2 10.6284 14.3788 2 11.9977
building 12.5 0 20 12.5 0 18 14.5 0 18 14.5 0 20 12.5 1 20 12.5 1 18 14.5 1 18 14.5 1 20 13.0358 2 19.4642 13.0358 2 18.5358 13.9642 2 18.5358 13.9642 2 19.4642
building 17 0 20 17 0 18 19 0 18 19 0 20 17 1 20 17 1 18 19 1 18 19 1 20 17 2 20 17 2 18 19 2 18 19 2 20
building 21.5 0 20 21.5 0 18 23.5 0 18 23.5 0 20 21.5 1 20 21.5 1 18 23.5 1 18 23.5 1 20 22.0358 2 19.4642 22.0358 2 18.5358 22.9642 2 18.5358 22.9642 2 19.4642
building 26 0 20 26 0 18 28 0 18 28 0 20 26 1 20 26 1 18 28 1 18 28 1 20 26 2 20 26 2 18 28 2 18 28 2 20
building 12.5 0 30.5 12.5 0 28.5 14.5 0 28.5 14.5 0 30.5 12.5 1 30.5 12.5 1 28.5 14.5 1 28.5 14.5 1 30.5 12.5 2 30.5 12.5 2 28.5 14.5 2 28.5 14.5 2 30.5
building 17 0 30.5 17 0 28.5 19 0 28.5 19 0 30.5 17 1 30.5 17 1 28.5 19 1 28.5 19 1 30.5 17 2 30.5 17 2 28.5 19 2 28.5 19 2 30.5
building 21.5 0 30.5 21.5 0 28.5 23.5 0 28.5 23.5 0 30.5 21.5312 1 29.8716 21.5899 1 29.0526 23.4059 1 28.5469 22.9176 1 30.2363 21.5364 2 29.621 21.6874 2 28.6245 23.0069 2 28.6537 23.3811 2 29.8555
building 26 0 30.5 26 0 28.5 28 0 28.5 28 0 30.5 26 1 30.5 26 1 28.5 28 1 28.5 28 1 30.5 26.5358 2 29.9642 26.5358 2 29.0358 27.4642 2 29.0358 27.4642 2 29.9642
building -10.6 0 -0.9 -10.6 0 -6.1 4.6 0 -6.1 4.6 0 -0.9 -10.6 1 -0.9 -10.6 1 -6.1 4.6 1 -6.1 4.6 1 -0.9 -10.6 2 -0.9 -10.6 2 -6.1 4.6 2 -6.1 4.6 2 -0.9 -10.6 3 -0.9 -10.6 3 -6.1 4.6 3 -6.1 4.6 3 -0.9 -10.6 4 -0.9 -10.6 4 -6.1 4.6 4 -6.1 4.6 4 -0.9 -10.6 5 -0.9 -10.6 5 -6.1 4.6 5 -6.1 4.6 5 -0.9 -10.6 6 -0.9 -10.6 6 -6.1 4.6 6 -6.1 4.6 6 -0.9 -10.6 7 -0.9 -10.6 7 -6.1 4.6 7 -6.1 4.6 7 -0.9 -10.6 8 -0.9 -10.6 8 -6.1 4.6 8 -6.1 4.6 8 -0.9 -10.6 9 -0.9 -10.6 9 -6.1 4.6 9 -6.1 4.6 9 -0.9 -10.6 10 -0.9 -10.6 10 -6.1 4.6 10 -6.1 4.6 10 -0.9 -10.6 11 -0.9 -10.6 11 -6.1 4.6 11 -6.1 4.6 11 -0.9 -10.6 12 -0.9 -10.6 12 -6.1 4.6 12 -6.1 4.6 12 -0.9 -10.6 13 -0.9 -10.6 13 -6.1 4.6 13 -6.1 4.6 13 -0.9
building -13.1 0 10.7 -13.1 0 6.3 -7.9 0 6.3 -7.9 0 10.7 -13.0386 1 10.4747 -13.0864 1 6.59949 -8.6048 1 6.43771 -8.06887 1 10.3273 -12.5519 2 10.6391 -12.4899 2 7.09862 -8.04996 2 6.64927 -7.92326 2 10.3313 -13.0277 3 10.6954 -12.8784 3 6.74896 -8.18976 3 6.3741 -8.01261 3 10.0458 -12.8868 4 10.347 -12.9057 4 6.51966 -8.05254 4 6.37095 -7.90775 4 10.6709 -12.9814 5 10.1104 -13.0454 5 6.65632 -8.46599 5 6.33357 -8.44223 5 10.5558 -12.9225 6 10.4189 -13.0275 6 6.30844 -8.06459 6 6.44157 -8.43048 6 10.3542 -13.0069 7 10.3828 -12.661 7 6.57689 -8.02762 7 6.7103 -8.06022 7 9.97757 -12.7741 8 10.3794 -12.4494 8 6.89124 -8.03383 8 6.41688 -8.00338 8 10.6614
building -5.6 0 11.1 -5.6 0 5.9 -0.4 0 5.9 -0.4 0 11.1 -5.48986 1 10.9794 -5.54162 1 6.279 -0.410869 1 6.75775 -0.456284 1 10.7543 -5.57475 2 10.9158 -5.5919 2 5.93388 -0.988447 2 6.06801 -0.702149 2 11.0993 -5.43654 3 10.6206 -5.4179 3 6.16921 -0.493632 3 6.57973 -0.443531 3 10.5786 -5.58084 4 11.0916 -5.53655 4 5.90031 -0.586409 4 6.30972 -0.761485 4 10.9494 -5.32363 5 10.9735 -5.59911 5 6.48615 -0.442985 5 5.94804 -0.516135 5 11.007 -5.5655 6 10.4835 -5.12882 6 6.37484 -0.700508 6 6.55442 -0.516736 6 10.8968 -5.52756 7 10.7169 -5.50203 7 5.93696 -0.492764 7 6.17091 -0.847863 7 10.6702 -4.9162 8 10.7789 -5.49682 8 6.01183 -0.400229 8 6.25452 -0.401443 8 10.9653
building 2.1 0 10.9 2.1 0 6.1 6.9 0 6.1 6.9 0 10.9 2.1 1 10.9 2.1 1 6.1 6.9 1 6.1 6.9 1 10.9 2.63583 2 10.3642 2.63583 2 6.63583 6.36417 2 6.63583 6.36417 2 10.3642 3.00483 3 9.99517 3.00483 3 7.00483 5.99517 3 7.00483 5.99517 3 9.99517 3.09211 4 9.90789 3.09211 4 7.09211 5.90789 4 7.09211 5.90789 4 9.90789 2.87051 5 10.1295 2.87051 5 6.87051 6.12949 5 6.87051 6.12949 5 10.1295
building -14.1 0 20 -14.1 0 18 -6.9 0 18 -6.9 0 20 -14.1 1 20 -14.1 1 18 -6.9 1 18 -6.9 1 20 -14.1 2 20 -14.1 2 18 -6.9 2 18 -6.9 2 20
building -13.6 0 26 -13.6 0 24 -10.4 0 24 -10.4 0 26 -13.6 1 26 -13.6 1 24 -10.4 1 24 -10.4 1 26 -13.6 2 26 -13.6 2 24 -10.4 2 24 -10.4 2 26 -13.6 3 26 -13.6 3 24 -10.4 3 24 -10.4 3 26 -13.6 4 26 -13.6 4 24 -10.4 4 24 -10.4 4 26 -13.6 5 26 -13.6 5 24 -10.4 5 24 -10.4 5 26
building -11.8 0 31.9 -11.8 0 27.1 -6.2 0 27.1 -6.2 0 31.9 -11.8 1 31.9 -11.8 1 27.1 -6.2 1 27.1 -6.2 1 31.9 -11.8 2 31.9 -11.8 2 27.1 -6.2 2 27.1 -6.2 2 31.9 -11.8 3 31.9 -11.8 3 27.1 -6.2 3 27.1 -6.2 3 31.9 -11.8 4 31.9 -11.8 4 27.1 -6.2 4 27.1 -6.2 4 31.9
building -1 0 20 -1 0 18 1 0 18 1 0 20 -1 1 20 -1 1 18 1 1 18 1 1 20 -0.464173 2 19.4642 -0.464173 2 18.5358 0.464173 2 18.5358 0.464173 2 19.4642
building -1 0 24.5 -1 0 22.5 1 0 22.5 1 0 24.5 -1 1 24.5 -1 1 22.5 1 1 22.5 1 1 24.5 -0.464173 2 23.9642 -0.464173 2 23.0358 0.464173 2 23.0358 0.464173 2 23.9642
building -1 0 29 -1 0 27 1 0 27 1 0 29 -1 1 29 -1 1 27 1 1 27 1 1 29 -1 2 29 -1 2 27 1 2 27 1 2 29
building 2 0 20 2 0 18 4 0 18 4 0 20 2 1 20 2 1 18 4 1 18 4 1 20 2 2 20 2 2 18 4 2 18 4 2 20
building 6.5 0 20 6.5 0 18 8.5 0 18 8.5 0 20 6.71328 1 19.9737 6.55356 1 18.0139 8.44839 1 18.1337 8.06405 1 19.6851 6.74023 2 19.1314 7.047 2 18.5714 8.09609 2 18.0192 8.49128 2 19.4837
building 6.5 0 24.5 6.5 0 22.5 8.5 0 22.5 8.5 0 24.5 6.5 1 24.5 6.5 1 22.5 8.5 1 22.5 8.5 1 24.5 7.03583 2 23.9642 7.03583 2 23.0358 7.96417 2 23.0358 7.96417 2 23.9642
building 6.5 0 29 6.5 0 27 8.5 0 27 8.5 0 29 6.5 1 29 6.5 1 27 8.5 1 27 8.5 1 29 7.03583 2 28.4642 7.03583 2 27.5358 7.96417 2 27.5358 7.96417 2 28.4642
building 3.5 0 26 3.5 0 24 5.5 0 24 5.5 0 26 3.86053 1 25.8077 3.88016 1 24.1552 5.46409 1 24.0151 4.75028 1 25.9328 3.56149 2 25.6342 3.52513 2 24.0244 5.3959 2 24.167 5.12589 2 25.8386
building 15.5 0 12.5 15.5 0 10.5 17.5 0 10.5 17.5 0 12.5 15.6785 1 11.8744 15.5264 1 10.5396 17.3106 1 11.3041 17.4569 1 12.1448 15.5604 2 11.9223 15.6246 2 10.5954 17.475 2 11.3044 17.4636 2 12.3977
